1 2 0.80255
1 3 0.818503
1 4 0.794955
1 5 0.816418
1 6 0.716035
1 7 0.69354
1 8 0.704458
1 9 0.725257
1 10 0.796174
1 11 0.726083
1 12 0.789536
1 13 0.700291
1 14 0.809376
1 15 0.824702
1 16 0.783044
1 17 0.702697
1 18 0.815911
1 19 0.688132
1 20 0.641315
1 21 0.737418
1 22 0.769261
1 23 0.814204
1 24 0.707498
1 25 0.791589
1 26 0.790515
1 27 0.79848
1 28 0.723026
1 29 0.740902
1 30 0.774445
1 31 0.763932
1 32 0.757409
1 33 0.761611
1 34 0.797238
1 35 0.763588
1 36 0.653601
1 37 0.695264
1 38 0.69143
1 39 0.746859
1 40 0.752449
1 41 0.760307
1 42 0.707281
1 43 0.779903
1 44 0.809495
1 45 0.738397
1 46 0.700509
1 47 0.776023
1 48 0.725608
1 49 0.643
1 50 0.784443
1 51 0.762583
1 52 0.798546
1 53 0.748075
1 54 0.784566
1 55 0.762753
1 56 0.772891
1 57 0.722557
1 58 0.780033
2 1 0.777153
2 3 0.845327
2 4 0.751462
2 5 0.737438
2 6 0.766868
2 7 0.716668
2 8 0.707611
2 9 0.728947
2 10 0.739304
2 11 0.713328
2 12 0.79367
2 13 0.713265
2 14 0.802373
2 15 0.797872
2 16 0.827733
2 17 0.767436
2 18 0.823531
2 19 0.716262
2 20 0.694419
2 21 0.825621
2 22 0.838205
2 23 0.76626
2 24 0.753927
2 25 0.773189
2 26 0.831496
2 27 0.821415
2 28 0.784841
2 29 0.732575
2 30 0.752651
2 31 0.83315
2 32 0.80838
2 33 0.811599
2 34 0.794071
2 35 0.814618
2 36 0.705029
2 37 0.713043
2 38 0.708741
2 39 0.760391
1 2 0.80255
1 3 0.818503
1 4 0.794955
1 5 0.816418
1 6 0.716035
1 7 0.69354
1 8 0.704458
1 9 0.725257
1 10 0.796174
1 11 0.726083
1 12 0.789536
1 13 0.700291
1 14 0.809376
1 15 0.824702
1 16 0.783044
1 17 0.702697
1 18 0.815911
1 19 0.688132
1 20 0.641315
1 21 0.737418
1 22 0.769261
1 23 0.814204
1 24 0.707498
1 25 0.791589
1 26 0.790515
1 27 0.79848
1 28 0.723026
1 29 0.740902
1 30 0.774445
1 31 0.763932
1 32 0.757409
1 33 0.761611
1 34 0.797238
1 35 0.763588
1 36 0.653601
1 37 0.695264
1 38 0.69143
1 39 0.746859
1 40 0.752449
1 41 0.760307
1 42 0.707281
1 43 0.779903
1 44 0.809495
1 45 0.738397
1 46 0.700509
1 47 0.776023
1 48 0.725608
1 49 0.643
1 50 0.784443
1 51 0.762583
1 52 0.798546
1 53 0.748075
1 54 0.784566
1 55 0.762753
1 56 0.772891
1 57 0.722557
1 58 0.780033
2 1 0.777153
2 3 0.845327
2 4 0.751462
2 5 0.737438
2 6 0.766868
2 7 0.716668
2 8 0.707611
2 9 0.728947
2 10 0.739304
2 11 0.713328
2 12 0.79367
2 13 0.713265
2 14 0.802373
2 15 0.797872
2 16 0.827733
2 17 0.767436
2 18 0.823531
2 19 0.716262
2 20 0.694419
2 21 0.825621
2 22 0.838205
2 23 0.76626
2 24 0.753927
2 25 0.773189
2 26 0.831496
2 27 0.821415
2 28 0.784841
2 29 0.732575
2 30 0.752651
2 31 0.83315
2 32 0.80838
2 33 0.811599
2 34 0.794071
2 35 0.814618
2 36 0.705029
2 37 0.713043
2 38 0.708741
2 39 0.760391
2 40 0.773142
2 41 0.798648
2 42 0.700014
2 43 0.796514
2 44 0.82162
2 45 0.787259
2 46 0.776958
2 47 0.807568
2 48 0.771668
2 49 0.670436
2 50 0.851195
1 2 0.80255
1 3 0.818503
1 4 0.794955
1 5 0.816418
1 6 0.716035
1 7 0.69354
1 8 0.704458
1 9 0.725257
1 10 0.796174
1 11 0.726083
1 12 0.789536
1 13 0.700291
1 14 0.809376
1 15 0.824702
1 16 0.783044
1 17 0.702697
1 18 0.815911
1 19 0.688132
1 20 0.641315
1 21 0.737418
1 22 0.769261
1 23 0.814204
1 24 0.707498
1 25 0.791589
1 26 0.790515
1 27 0.79848
1 28 0.723026
1 29 0.740902
1 30 0.774445
1 31 0.763932
1 32 0.757409
1 33 0.761611
1 34 0.797238
1 35 0.763588
1 36 0.653601
1 37 0.695264
1 38 0.69143
1 39 0.746859
1 40 0.752449
1 41 0.760307
1 42 0.707281
1 43 0.779903
1 44 0.809495
1 45 0.738397
1 46 0.700509
1 47 0.776023
1 48 0.725608
1 49 0.643
1 50 0.784443
1 51 0.762583
1 52 0.798546
1 53 0.748075
1 54 0.784566
1 55 0.762753
1 56 0.772891
1 57 0.722557
1 58 0.780033
2 1 0.777153
2 3 0.845327
2 4 0.751462
2 5 0.737438
2 6 0.766868
2 7 0.716668
2 8 0.707611
2 9 0.728947
2 10 0.739304
2 11 0.713328
2 12 0.79367
2 13 0.713265
2 14 0.802373
2 15 0.797872
2 16 0.827733
2 17 0.767436
2 18 0.823531
2 19 0.716262
2 20 0.694419
2 21 0.825621
2 22 0.838205
2 23 0.76626
2 24 0.753927
2 25 0.773189
2 26 0.831496
2 27 0.821415
2 28 0.784841
2 29 0.732575
2 30 0.752651
2 31 0.83315
2 32 0.80838
2 33 0.811599
2 34 0.794071
2 35 0.814618
2 36 0.705029
2 37 0.713043
2 38 0.708741
2 39 0.760391
2 40 0.773142
2 41 0.798648
2 42 0.700014
2 43 0.796514
2 44 0.82162
2 45 0.787259
2 46 0.776958
2 47 0.807568
2 48 0.771668
2 49 0.670436
2 50 0.851195
2 51 0.83075
2 52 0.82088
2 53 0.796326
2 54 0.795118
2 55 0.749003
2 56 0.832395
2 57 0.791709
2 58 0.779361
3 1 0.801267
3 2 0.846057
3 4 0.77826
3 5 0.766054
3 6 0.773148
3 7 0.739797
3 8 0.72102
3 9 0.774158
3 10 0.741558
3 11 0.761063
3 12 0.839926
3 13 0.70968
3 14 0.783679
3 15 0.802695
3 16 0.817367
3 17 0.742675
3 18 0.855678
3 19 0.714326
3 20 0.67954
3 21 0.774924
3 22 0.800624
3 23 0.755446
3 24 0.772901
3 25 0.810434
3 26 0.842972
3 27 0.835544
3 28 0.749869
3 29 0.724021
3 30 0.810549
3 31 0.832436
3 32 0.814345
3 33 0.808228
3 34 0.798089
3 35 0.81543
3 36 0.683161
3 37 0.733104
3 38 0.728074
3 39 0.751681
3 40 0.780524
3 41 0.796088
3 42 0.739703
3 43 0.784839
3 44 0.810073
3 45 0.796726
3 46 0.768669
3 47 0.807859
3 48 0.743928
3 49 0.6867
3 50 0.843
3 51 0.802504
3 52 0.802175
3 53 0.809827
3 54 0.832612
3 55 0.7749
3 56 0.809708
3 57 0.785969
3 58 0.78963
4 1 0.789302
4 2 0.764531
4 3 0.776552
4 5 0.711512
4 6 0.73534
4 7 0.698455
4 8 0.698847
4 9 0.681659
4 10 0.741944
4 11 0.728902
4 12 0.734257
4 13 0.718123
4 14 0.768241
4 15 0.758386
4 16 0.719032
4 17 0.724817
4 18 0.72105
4 19 0.700365
4 20 0.666265
4 21 0.728817
4 22 0.752841
4 23 0.694843
4 24 0.791512
4 25 0.734004
4 26 0.784708
4 27 0.753922
4 28 0.711813
4 29 0.709223
4 30 0.708187
4 31 0.782869
4 32 0.713328
4 33 0.702384
4 34 0.764944
4 35 0.764411
4 36 0.674094
4 37 0.751155
4 38 0.718065
4 39 0.689193
4 40 0.800193
4 41 0.722099
4 42 0.703318
4 43 0.759011
4 44 0.737629
4 45 0.724825
4 46 0.698175
4 47 0.70325
4 48 0.73562
4 49 0.647902
4 50 0.752665
4 51 0.737476
4 52 0.66753
4 53 0.739881
4 54 0.708025
4 55 0.782791
4 56 0.732483
4 57 0.717932
4 58 0.777735
5 1 0.841016
5 2 0.793064
5 3 0.813161
5 4 0.73422
5 6 0.710617
5 7 0.723294
5 8 0.686822
5 9 0.720085
5 10 0.840033
5 11 0.719273
5 12 0.800304
5 13 0.70019
5 14 0.827854
5 15 0.818336
5 16 0.831699
5 17 0.76116
5 18 0.825405
5 19 0.704765
5 20 0.646753
5 21 0.743353
5 22 0.776482
5 23 0.816776
5 24 0.688228
5 25 0.830812
5 26 0.808486
5 27 0.831242
5 28 0.710392
5 29 0.79581
5 30 0.774466
5 31 0.798811
5 32 0.821025
5 33 0.837526
5 34 0.834875
5 35 0.759851
5 36 0.659803
5 37 0.657583
5 38 0.708323
5 39 0.813169
5 40 0.754139
5 41 0.794893
5 42 0.744851
5 43 0.799612
5 44 0.785629
5 45 0.798668
5 46 0.71725
5 47 0.812483
5 48 0.720434
5 49 0.681014
5 50 0.792779
5 51 0.735485
5 52 0.793774
5 53 0.764447
5 54 0.819603
5 55 0.75582
5 56 0.807879
5 57 0.786471
5 58 0.804459
6 1 0.717952
6 2 0.779442
6 3 0.76864
6 4 0.757947
6 5 0.702908
6 7 0.775067
6 8 0.827125
6 9 0.810181
6 10 0.718953
6 11 0.819267
6 12 0.821796
6 13 0.822773
6 14 0.768376
6 15 0.746577
6 16 0.749832
6 17 0.842783
6 18 0.757901
6 19 0.833817
6 20 0.766319
6 21 0.845363
6 22 0.800982
6 23 0.680922
6 24 0.786711
6 25 0.781858
6 26 0.838991
6 27 0.77711
6 28 0.830778
6 29 0.745594
6 30 0.737629
6 31 0.797778
6 32 0.778648
6 33 0.770637
6 34 0.753996
6 35 0.835147
6 36 0.782584
6 37 0.835941
6 38 0.809621
6 39 0.711114
6 40 0.803982
6 41 0.803556
6 42 0.792584
6 43 0.809969
6 44 0.754872
6 45 0.770926
6 46 0.834693
6 47 0.745343
6 48 0.856714
6 49 0.789216
6 50 0.834711
6 51 0.846254
6 52 0.756815
6 53 0.841085
6 54 0.769343
6 55 0.844099
6 56 0.78965
6 57 0.816661
6 58 0.736762
7 1 0.663219
7 2 0.735469
7 3 0.711586
7 4 0.693631
7 5 0.68308
7 6 0.752032
7 8 0.741276
7 9 0.767253
7 10 0.695326
7 11 0.750208
7 12 0.76342
7 13 0.774004
7 14 0.707171
7 15 0.702631
7 16 0.704357
7 17 0.768347
7 18 0.689793
7 19 0.758476
7 20 0.752308
7 21 0.758843
7 22 0.753645
7 23 0.630174
7 24 0.716246
7 25 0.748772
7 26 0.733994
7 27 0.728454
7 28 0.753053
7 29 0.693508
7 30 0.755176
7 31 0.753826
7 32 0.756485
7 33 0.728575
7 34 0.691852
7 35 0.788568
7 36 0.760821
7 37 0.744728
7 38 0.783471
7 39 0.668257
7 40 0.685164
7 41 0.778192
7 42 0.790362
7 43 0.716947
7 44 0.677686
7 45 0.749752
7 46 0.750087
7 47 0.731628
7 48 0.759551
7 49 0.748847
7 50 0.774164
7 51 0.761098
7 52 0.720197
7 53 0.784006
7 54 0.751045
7 55 0.727761
7 56 0.765492
7 57 0.741017
7 58 0.643032
8 1 0.725924
8 2 0.733202
8 3 0.745643
8 4 0.717174
8 5 0.687024
8 6 0.849729
8 7 0.787739
8 9 0.833048
8 10 0.706427
8 11 0.833781
8 12 0.794159
8 13 0.865394
8 14 0.755726
8 15 0.776313
8 16 0.759958
8 17 0.845303
8 18 0.748423
8 19 0.863193
8 20 0.821116
8 21 0.867982
8 22 0.813955
8 23 0.694109
8 24 0.72052
8 25 0.766247
8 26 0.800989
8 27 0.760994
8 28 0.838748
8 29 0.744426
8 30 0.694182
8 31 0.787914
8 32 0.754207
8 33 0.755527
8 34 0.731509
8 35 0.841749
8 36 0.829565
8 37 0.829083
8 38 0.812943
8 39 0.686293
8 40 0.75311
8 41 0.791725
8 42 0.795051
8 43 0.811339
8 44 0.754793
8 45 0.768293
8 46 0.84798
8 47 0.727728
8 48 0.859761
8 49 0.814264
8 50 0.811883
8 51 0.818919
8 52 0.747008
8 53 0.83766
8 54 0.749245
8 55 0.818382
8 56 0.770821
8 57 0.828389
8 58 0.723684
9 1 0.720652
9 2 0.757565
9 3 0.770061
9 4 0.666649
9 5 0.694002
9 6 0.810966
9 7 0.774476
9 8 0.81231
9 10 0.697704
9 11 0.826608
9 12 0.801157
9 13 0.782073
9 14 0.747905
9 15 0.737745
9 16 0.750153
9 17 0.79722
9 18 0.74308
9 19 0.807242
9 20 0.769502
9 21 0.803911
9 22 0.778335
9 23 0.685231
9 24 0.715179
9 25 0.761014
9 26 0.783103
9 27 0.756641
9 28 0.78414
9 29 0.71352
9 30 0.750347
9 31 0.752307
9 32 0.743839
9 33 0.750642
9 34 0.723422
9 35 0.783915
9 36 0.786161
9 37 0.74401
9 38 0.778025
9 39 0.674409
9 40 0.703099
9 41 0.773937
9 42 0.775581
9 43 0.776261
9 44 0.725071
9 45 0.739646
9 46 0.787002
9 47 0.75047
9 48 0.796485
9 49 0.788434
9 50 0.80422
9 51 0.821246
9 52 0.751393
9 53 0.825434
9 54 0.759573
9 55 0.799842
9 56 0.781171
9 57 0.784572
9 58 0.702171
10 1 0.817433
10 2 0.775334
10 3 0.772705
10 4 0.772146
10 5 0.832888
10 6 0.713405
10 7 0.738375
10 8 0.696347
10 9 0.718311
10 11 0.724818
10 12 0.7974
10 13 0.727502
10 14 0.790639
10 15 0.790508
10 16 0.7655
10 17 0.718547
10 18 0.782844
10 19 0.667782
10 20 0.626468
10 21 0.711203
10 22 0.736399
10 23 0.786487
10 24 0.753808
10 25 0.795682
10 26 0.775322
10 27 0.766448
10 28 0.690398
10 29 0.759685
10 30 0.769833
10 31 0.770968
10 32 0.813063
10 33 0.778512
10 34 0.782398
10 35 0.715503
10 36 0.680089
10 37 0.731614
10 38 0.756213
10 39 0.822504
10 40 0.759385
10 41 0.787722
10 42 0.762819
10 43 0.746979
10 44 0.779086
10 45 0.779469
10 46 0.682061
10 47 0.777028
10 48 0.710266
10 49 0.684147
10 50 0.760327
10 51 0.72763
10 52 0.780088
10 53 0.723058
10 54 0.795066
10 55 0.730627
10 56 0.764663
10 57 0.762896
10 58 0.798724
11 1 0.742947
11 2 0.766656
11 3 0.771921
11 4 0.751749
11 5 0.725713
11 6 0.830071
11 7 0.775283
11 8 0.831811
11 9 0.8463
11 10 0.720664
11 12 0.799423
11 13 0.809414
11 14 0.774941
11 15 0.788388
11 16 0.771035
11 17 0.838598
11 18 0.770299
11 19 0.8349
11 20 0.782015
11 21 0.838975
11 22 0.816309
11 23 0.709371
11 24 0.78857
11 25 0.78234
11 26 0.817256
11 27 0.780465
11 28 0.81546
11 29 0.742556
11 30 0.758484
11 31 0.793953
11 32 0.769253
11 33 0.753441
11 34 0.753484
11 35 0.831245
11 36 0.788819
11 37 0.83432
11 38 0.808517
11 39 0.705386
11 40 0.78815
11 41 0.793221
11 42 0.807043
11 43 0.793241
11 44 0.755887
11 45 0.753993
11 46 0.812636
11 47 0.748598
11 48 0.840832
11 49 0.786706
11 50 0.822103
11 51 0.82906
11 52 0.751117
11 53 0.847546
11 54 0.770683
11 55 0.834881
11 56 0.795624
11 57 0.809937
11 58 0.755586
12 1 0.792116
12 2 0.813978
12 3 0.843296
12 4 0.75728
12 5 0.771787
12 6 0.819043
12 7 0.781965
12 8 0.757686
12 9 0.81037
12 10 0.785259
12 11 0.800171
12 13 0.785293
12 14 0.763436
12 15 0.765916
12 16 0.786708
12 17 0.753692
12 18 0.808527
12 19 0.754811
12 20 0.693888
12 21 0.77285
12 22 0.788676
12 23 0.731758
12 24 0.805675
12 25 0.834384
12 26 0.816495
12 27 0.774589
12 28 0.748748
12 29 0.705376
12 30 0.784087
12 31 0.779657
12 32 0.819277
12 33 0.804466
12 34 0.768909
12 35 0.798844
12 36 0.727497
12 37 0.790912
12 38 0.826791
12 39 0.772967
12 40 0.780755
12 41 0.84625
12 42 0.82233
12 43 0.766713
12 44 0.797053
12 45 0.76036
12 46 0.758765
12 47 0.804078
12 48 0.776712
12 49 0.725064
12 50 0.826141
12 51 0.842439
12 52 0.783197
12 53 0.789576
12 54 0.821885
12 55 0.806498
12 56 0.806648
12 57 0.788888
12 58 0.765237
13 1 0.700711
13 2 0.73308
13 3 0.726105
13 4 0.747002
13 5 0.693252
13 6 0.837942
13 7 0.817984
13 8 0.850947
13 9 0.79853
13 10 0.706155
13 11 0.800459
13 12 0.784039
13 14 0.740158
13 15 0.760812
13 16 0.739317
13 17 0.837984
13 18 0.727788
13 19 0.852575
13 20 0.761705
13 21 0.837965
13 22 0.795811
13 23 0.677337
13 24 0.738729
13 25 0.775432
13 26 0.771387
13 27 0.735475
13 28 0.808568
13 29 0.73307
13 30 0.731231
13 31 0.770411
13 32 0.749687
13 33 0.774062
13 34 0.734598
13 35 0.829364
13 36 0.843611
13 37 0.839263
13 38 0.81786
13 39 0.682495
13 40 0.777202
13 41 0.785986
13 42 0.821132
13 43 0.787976
13 44 0.731813
13 45 0.771445
13 46 0.838733
13 47 0.748466
13 48 0.854823
13 49 0.797424
13 50 0.804901
13 51 0.810365
13 52 0.729195
13 53 0.842624
13 54 0.74165
13 55 0.794474
13 56 0.76076
13 57 0.814729
13 58 0.750069
14 1 0.801557
14 2 0.837997
14 3 0.807557
14 4 0.770547
14 5 0.811539
14 6 0.755399
14 7 0.733729
14 8 0.751391
14 9 0.757656
14 10 0.777763
14 11 0.747544
14 12 0.782322
14 13 0.750325
14 15 0.807681
14 16 0.836337
14 17 0.791275
14 18 0.810815
14 19 0.749236
14 20 0.70328
14 21 0.809199
14 22 0.815599
14 23 0.784309
14 24 0.748586
14 25 0.765234
14 26 0.835316
14 27 0.802381
14 28 0.829191
14 29 0.803541
14 30 0.766233
14 31 0.841064
14 32 0.796589
14 33 0.81771
14 34 0.844118
14 35 0.816089
14 36 0.726567
14 37 0.730514
14 38 0.724251
14 39 0.742804
14 40 0.808726
14 41 0.806084
14 42 0.743788
14 43 0.841634
14 44 0.798735
14 45 0.831282
14 46 0.755081
14 47 0.790669
14 48 0.787649
14 49 0.724648
14 50 0.835323
14 51 0.78099
14 52 0.804078
14 53 0.824195
14 54 0.771992
14 55 0.779885
14 56 0.81929
14 57 0.826539
14 58 0.821107
15 1 0.839351
15 2 0.818702
15 3 0.822331
15 4 0.774857
15 5 0.792168
15 6 0.752031
15 7 0.70215
15 8 0.740285
15 9 0.716992
15 10 0.773982
15 11 0.744036
15 12 0.788248
15 13 0.729773
15 14 0.823331
15 16 0.810624
15 17 0.81888
15 18 0.798612
15 19 0.729207
15 20 0.675925
15 21 0.768699
15 22 0.805755
15 23 0.791454
15 24 0.71906
15 25 0.755523
15 26 0.831952
15 27 0.795944
15 28 0.751193
15 29 0.782773
15 30 0.741675
15 31 0.802608
15 32 0.754282
15 33 0.785525
15 34 0.790911
15 35 0.810428
15 36 0.685242
15 37 0.722172
15 38 0.711344
15 39 0.772735
15 40 0.771064
15 41 0.810398
15 42 0.730061
15 43 0.819738
15 44 0.818319
15 45 0.765314
15 46 0.723181
15 47 0.759962
15 48 0.808107
15 49 0.69928
15 50 0.823022
15 51 0.789282
15 52 0.788422
15 53 0.793525
15 54 0.764684
15 55 0.821184
15 56 0.819059
15 57 0.818473
15 58 0.796713
16 1 0.766714
16 2 0.842572
16 3 0.809784
16 4 0.754053
16 5 0.805404
16 6 0.726767
16 7 0.72371
16 8 0.729776
16 9 0.749546
16 10 0.750814
16 11 0.745254
16 12 0.784416
16 13 0.741271
16 14 0.823197
16 15 0.805646
16 17 0.779501
16 18 0.807905
16 19 0.748469
16 20 0.696713
16 21 0.770543
16 22 0.830761
16 23 0.795923
16 24 0.725948
16 25 0.795278
16 26 0.812572
16 27 0.789962
16 28 0.817628
16 29 0.805725
16 30 0.699626
16 31 0.810255
16 32 0.804622
16 33 0.825263
16 34 0.812334
16 35 0.795614
16 36 0.711513
16 37 0.734939
16 38 0.708434
16 39 0.729807
